{
 "cells": [
  {
   "cell_type": "markdown",
   "id": "2e17919f-3447-49b9-818f-57657c09b7a9",
   "metadata": {},
   "source": [
    "### Question 1"
   ]
  },
  {
   "cell_type": "code",
   "execution_count": 11,
   "id": "21e87ac7-7487-4cdb-9769-3b962dff55fb",
   "metadata": {},
   "outputs": [
    {
     "data": {
      "text/plain": [
       "array([[ 1.  ,  1.  ,  1.  ,  1.  ],\n",
       "       [-0.45,  0.55,  0.  ,  0.  ],\n",
       "       [ 0.  ,  1.  ,  0.  ,  0.  ],\n",
       "       [ 0.14,  0.2 ,  0.2 ,  0.1 ]])"
      ]
     },
     "execution_count": 49,
     "metadata": {},
     "output_type": "execute_result"
    }
   ],
   "source": [
    "import numpy as np\n",
    "\n",
    "A = np.zeros((4, 4))\n",
    "A[0, :] = [1, 1, 1, 1]\n",
    "A[1, :] = [-0.45, 0.55, 0, 0]\n",
    "A[2, :] = [0, 1, 0, 0]\n",
    "A[3, :] = [0.14, 0.2, 0.2, 0.1]\n",
    "A"
   ]
  },
  {
   "cell_type": "code",
   "execution_count": 12,
   "id": "4271b996-dd22-4076-91d3-506249cd1ace",
   "metadata": {},
   "outputs": [
    {
     "data": {
      "text/plain": [
       "array([250. ,   0. ,  62.5,  37.5])"
      ]
     },
     "execution_count": 50,
     "metadata": {},
     "output_type": "execute_result"
    }
   ],
   "source": [
    "b = np.array([250, 0, 62.5, 37.5])\n",
    "b"
   ]
  },
  {
   "cell_type": "code",
   "execution_count": 13,
   "id": "503ca7a4-fe50-4c85-9aea-8085ee786541",
   "metadata": {},
   "outputs": [
    {
     "data": {
      "text/plain": [
       "array([76.38888889, 62.5       , 31.94444444, 79.16666667])"
      ]
     },
     "execution_count": 51,
     "metadata": {},
     "output_type": "execute_result"
    }
   ],
   "source": [
    "np.linalg.solve(A, b)"
   ]
  },
  {
   "cell_type": "markdown",
   "id": "95284060-209b-4e85-842d-173f5263f998",
   "metadata": {},
   "source": [
    "### Question 2"
   ]
  },
  {
   "cell_type": "code",
   "execution_count": 35,
   "id": "e054a795-5185-4948-b7df-416346567800",
   "metadata": {},
   "outputs": [],
   "source": [
    "y = [-45, -3, -31, -45, 18, 8, 20, 2, -27, -38]\n",
    "X = np.zeros((10, 5))"
   ]
  },
  {
   "cell_type": "code",
   "execution_count": 36,
   "id": "1876e0e8-138b-4e92-bc67-ffe214a3cd0c",
   "metadata": {},
   "outputs": [
    {
     "data": {
      "text/plain": [
       "array([[ 1., -1.,  0.,  0.,  0.],\n",
       "       [ 1.,  0., -1.,  0.,  0.],\n",
       "       [ 1.,  0.,  0., -1.,  0.],\n",
       "       [ 1.,  0.,  0.,  0., -1.],\n",
       "       [ 0.,  1., -1.,  0.,  0.],\n",
       "       [ 0.,  1.,  0., -1.,  0.],\n",
       "       [ 0.,  1.,  0.,  0., -1.],\n",
       "       [ 0.,  0.,  1., -1.,  0.],\n",
       "       [ 0.,  0.,  1.,  0., -1.],\n",
       "       [ 0.,  0.,  0.,  1., -1.]])"
      ]
     },
     "execution_count": 53,
     "metadata": {},
     "output_type": "execute_result"
    }
   ],
   "source": [
    "X[0, :] = [1, -1, 0, 0, 0]\n",
    "X[1, :] = [1, 0, -1, 0, 0]\n",
    "X[2, :] = [1, 0, 0, -1, 0]\n",
    "X[3, :] = [1, 0, 0, 0, -1]\n",
    "X[4, :] = [0, 1, -1, 0, 0]\n",
    "X[5, :] = [0, 1, 0, -1, 0]\n",
    "X[6, :] = [0, 1, 0, 0, -1]\n",
    "X[7, :] = [0, 0, 1, -1, 0]\n",
    "X[8, :] = [0, 0, 1, 0, -1]\n",
    "X[9, :] = [0, 0, 0, 1, -1]\n",
    "\n",
    "X"
   ]
  },
  {
   "cell_type": "code",
   "execution_count": 37,
   "id": "f7aba1e9-e43f-43b0-9e95-7ac655e67978",
   "metadata": {},
   "outputs": [
    {
     "data": {
      "text/plain": [
       "array([[ 4., -1., -1., -1., -1.],\n",
       "       [-1.,  4., -1., -1., -1.],\n",
       "       [-1., -1.,  4., -1., -1.],\n",
       "       [-1., -1., -1.,  4., -1.],\n",
       "       [-1., -1., -1., -1.,  4.]])"
      ]
     },
     "execution_count": 54,
     "metadata": {},
     "output_type": "execute_result"
    }
   ],
   "source": [
    "M = X.T @ X\n",
    "\n",
    "M"
   ]
  },
  {
   "cell_type": "code",
   "execution_count": 38,
   "id": "89d93c54-14c2-4309-baf1-c59164664196",
   "metadata": {},
   "outputs": [
    {
     "data": {
      "text/plain": [
       "array([-124.,   91.,  -40.,  -17.,   90.])"
      ]
     },
     "execution_count": 55,
     "metadata": {},
     "output_type": "execute_result"
    }
   ],
   "source": [
    "p = X.T @ y\n",
    "\n",
    "p"
   ]
  },
  {
   "cell_type": "code",
   "execution_count": 39,
   "id": "341c1d83-604e-49cc-8022-108817e8203f",
   "metadata": {},
   "outputs": [],
   "source": [
    "M[4, :] = [1, 1, 1, 1, 1]\n",
    "p[4] = 0"
   ]
  },
  {
   "cell_type": "code",
   "execution_count": 40,
   "id": "e5433ad2-81fa-4aaf-87f2-d1511cc06e9a",
   "metadata": {},
   "outputs": [
    {
     "name": "stdout",
     "output_type": "stream",
     "text": [
      "[[ 4. -1. -1. -1. -1.]\n",
      " [-1.  4. -1. -1. -1.]\n",
      " [-1. -1.  4. -1. -1.]\n",
      " [-1. -1. -1.  4. -1.]\n",
      " [ 1.  1.  1.  1.  1.]]\n",
      "\n",
      "[-124.   91.  -40.  -17.    0.]\n"
     ]
    }
   ],
   "source": [
    "print(M)\n",
    "print()\n",
    "print(p)"
   ]
  },
  {
   "cell_type": "code",
   "execution_count": 47,
   "id": "4a4e3d5f-92ae-45ac-a42f-1634eeaea053",
   "metadata": {},
   "outputs": [
    {
     "data": {
      "text/plain": [
       "array([-530.,  545., -110.,    5.,   90.])"
      ]
     },
     "execution_count": 58,
     "metadata": {},
     "output_type": "execute_result"
    }
   ],
   "source": [
    "r = M.T @ p\n",
    "\n",
    "r"
   ]
  },
  {
   "cell_type": "markdown",
   "id": "4a361f35-bc43-45bb-8bbc-1895fe7f5129",
   "metadata": {},
   "source": [
    "### Question 3"
   ]
  },
  {
   "cell_type": "code",
   "execution_count": null,
   "id": "2074f5bf-449a-48c6-8156-751e368dcf3d",
   "metadata": {
    "jupyter": {
     "source_hidden": true
    },
    "tags": []
   },
   "outputs": [
    {
     "name": "stdout",
     "output_type": "stream",
     "text": [
      "[[1.         0.5        0.33333333 0.25       0.2        0.16666667\n",
      "  0.14285714 0.125      0.11111111 0.1        0.09090909 0.08333333\n",
      "  0.07692308 0.07142857 0.06666667 0.0625     0.05882353 0.05555556\n",
      "  0.05263158 0.05      ]\n",
      " [0.5        1.         0.66666667 0.5        0.4        0.33333333\n",
      "  0.28571429 0.25       0.22222222 0.2        0.18181818 0.16666667\n",
      "  0.15384615 0.14285714 0.13333333 0.125      0.11764706 0.11111111\n",
      "  0.10526316 0.1       ]\n",
      " [0.33333333 0.66666667 1.         0.75       0.6        0.5\n",
      "  0.42857143 0.375      0.33333333 0.3        0.27272727 0.25\n",
      "  0.23076923 0.21428571 0.2        0.1875     0.17647059 0.16666667\n",
      "  0.15789474 0.15      ]\n",
      " [0.25       0.5        0.75       1.         0.8        0.66666667\n",
      "  0.57142857 0.5        0.44444444 0.4        0.36363636 0.33333333\n",
      "  0.30769231 0.28571429 0.26666667 0.25       0.23529412 0.22222222\n",
      "  0.21052632 0.2       ]\n",
      " [0.2        0.4        0.6        0.8        1.         0.83333333\n",
      "  0.71428571 0.625      0.55555556 0.5        0.45454545 0.41666667\n",
      "  0.38461538 0.35714286 0.33333333 0.3125     0.29411765 0.27777778\n",
      "  0.26315789 0.25      ]\n",
      " [0.16666667 0.33333333 0.5        0.66666667 0.83333333 1.\n",
      "  0.85714286 0.75       0.66666667 0.6        0.54545455 0.5\n",
      "  0.46153846 0.42857143 0.4        0.375      0.35294118 0.33333333\n",
      "  0.31578947 0.3       ]\n",
      " [0.14285714 0.28571429 0.42857143 0.57142857 0.71428571 0.85714286\n",
      "  1.         0.875      0.77777778 0.7        0.63636364 0.58333333\n",
      "  0.53846154 0.5        0.46666667 0.4375     0.41176471 0.38888889\n",
      "  0.36842105 0.35      ]\n",
      " [0.125      0.25       0.375      0.5        0.625      0.75\n",
      "  0.875      1.         0.88888889 0.8        0.72727273 0.66666667\n",
      "  0.61538462 0.57142857 0.53333333 0.5        0.47058824 0.44444444\n",
      "  0.42105263 0.4       ]\n",
      " [0.11111111 0.22222222 0.33333333 0.44444444 0.55555556 0.66666667\n",
      "  0.77777778 0.88888889 1.         0.9        0.81818182 0.75\n",
      "  0.69230769 0.64285714 0.6        0.5625     0.52941176 0.5\n",
      "  0.47368421 0.45      ]\n",
      " [0.1        0.2        0.3        0.4        0.5        0.6\n",
      "  0.7        0.8        0.9        1.         0.90909091 0.83333333\n",
      "  0.76923077 0.71428571 0.66666667 0.625      0.58823529 0.55555556\n",
      "  0.52631579 0.5       ]\n",
      " [0.09090909 0.18181818 0.27272727 0.36363636 0.45454545 0.54545455\n",
      "  0.63636364 0.72727273 0.81818182 0.90909091 1.         0.91666667\n",
      "  0.84615385 0.78571429 0.73333333 0.6875     0.64705882 0.61111111\n",
      "  0.57894737 0.55      ]\n",
      " [0.08333333 0.16666667 0.25       0.33333333 0.41666667 0.5\n",
      "  0.58333333 0.66666667 0.75       0.83333333 0.91666667 1.\n",
      "  0.92307692 0.85714286 0.8        0.75       0.70588235 0.66666667\n",
      "  0.63157895 0.6       ]\n",
      " [0.07692308 0.15384615 0.23076923 0.30769231 0.38461538 0.46153846\n",
      "  0.53846154 0.61538462 0.69230769 0.76923077 0.84615385 0.92307692\n",
      "  1.         0.92857143 0.86666667 0.8125     0.76470588 0.72222222\n",
      "  0.68421053 0.65      ]\n",
      " [0.07142857 0.14285714 0.21428571 0.28571429 0.35714286 0.42857143\n",
      "  0.5        0.57142857 0.64285714 0.71428571 0.78571429 0.85714286\n",
      "  0.92857143 1.         0.93333333 0.875      0.82352941 0.77777778\n",
      "  0.73684211 0.7       ]\n",
      " [0.06666667 0.13333333 0.2        0.26666667 0.33333333 0.4\n",
      "  0.46666667 0.53333333 0.6        0.66666667 0.73333333 0.8\n",
      "  0.86666667 0.93333333 1.         0.9375     0.88235294 0.83333333\n",
      "  0.78947368 0.75      ]\n",
      " [0.0625     0.125      0.1875     0.25       0.3125     0.375\n",
      "  0.4375     0.5        0.5625     0.625      0.6875     0.75\n",
      "  0.8125     0.875      0.9375     1.         0.94117647 0.88888889\n",
      "  0.84210526 0.8       ]\n",
      " [0.05882353 0.11764706 0.17647059 0.23529412 0.29411765 0.35294118\n",
      "  0.41176471 0.47058824 0.52941176 0.58823529 0.64705882 0.70588235\n",
      "  0.76470588 0.82352941 0.88235294 0.94117647 1.         0.94444444\n",
      "  0.89473684 0.85      ]\n",
      " [0.05555556 0.11111111 0.16666667 0.22222222 0.27777778 0.33333333\n",
      "  0.38888889 0.44444444 0.5        0.55555556 0.61111111 0.66666667\n",
      "  0.72222222 0.77777778 0.83333333 0.88888889 0.94444444 1.\n",
      "  0.94736842 0.9       ]\n",
      " [0.05263158 0.10526316 0.15789474 0.21052632 0.26315789 0.31578947\n",
      "  0.36842105 0.42105263 0.47368421 0.52631579 0.57894737 0.63157895\n",
      "  0.68421053 0.73684211 0.78947368 0.84210526 0.89473684 0.94736842\n",
      "  1.         0.95      ]\n",
      " [0.05       0.1        0.15       0.2        0.25       0.3\n",
      "  0.35       0.4        0.45       0.5        0.55       0.6\n",
      "  0.65       0.7        0.75       0.8        0.85       0.9\n",
      "  0.95       1.        ]]\n",
      "\n",
      "\n",
      "[1.         0.5        0.33333333 0.25       0.2        0.16666667\n",
      " 0.14285714 0.125      0.11111111 0.1        0.09090909 0.08333333\n",
      " 0.07692308 0.07142857 0.06666667 0.0625     0.05882353 0.05555556\n",
      " 0.05263158 0.05      ]\n",
      "[1.         0.5        0.33333333 0.25       0.2        0.16666667\n",
      " 0.14285714 0.125      0.11111111 0.1        0.09090909 0.08333333\n",
      " 0.07692308 0.07142857 0.06666667 0.0625     0.05882353 0.05555556\n",
      " 0.05263158 0.05      ]\n"
     ]
    }
   ],
   "source": [
    "def lehmer_entry(rows, columns):\n",
    "    \n",
    "    # generate empty matrix\n",
    "    A = np.zeros((rows, columns))\n",
    "    \n",
    "    for i in range(len(A)):\n",
    "        for j in range(len(A)): \n",
    "            \n",
    "            #set diagonals, only works for even matrices\n",
    "            if j==i:\n",
    "                A[i][j] = 1\n",
    "            \n",
    "            # add 1 to all values so we don't divide by zero\n",
    "            elif j > i:\n",
    "                A[i][j] = (i+1)/(j+1)\n",
    "            else:\n",
    "                A[i][j] = (j+1)/(i+1)\n",
    "    return A\n",
    "    \n",
    "A = lehmer_entry(20, 20)\n",
    "print(A)\n",
    "print()\n",
    "print()\n",
    "# yes, it is symmetrical\n",
    "print(A[0, :])\n",
    "print(A[:, 0])"
   ]
  },
  {
   "cell_type": "code",
   "execution_count": null,
   "id": "133438b8-1245-4c36-8923-484a3141681c",
   "metadata": {},
   "outputs": [],
   "source": [
    "C = np.linalg.inv(A)\n",
    "d = [1, 2, 3, 4, 5, \n",
    "     6, 7, 8, 9, 10, \n",
    "     10, 9, 8, 7, 6, \n",
    "     5, 4, 3, 2, 1]"
   ]
  },
  {
   "cell_type": "markdown",
   "id": "eeb56a50-0c29-4b77-a050-db569fb6852c",
   "metadata": {},
   "source": [
    "### Question 4"
   ]
  },
  {
   "cell_type": "code",
   "execution_count": 62,
   "id": "d1d20e20-cc43-4270-89f2-1c8b0fc0b15e",
   "metadata": {},
   "outputs": [
    {
     "data": {
      "text/plain": [
       "20.064239273130674"
      ]
     },
     "execution_count": 62,
     "metadata": {},
     "output_type": "execute_result"
    }
   ],
   "source": [
    "x = np.linalg.solve(A, C@d)\n",
    "x[9]"
   ]
  }
 ],
 "metadata": {
  "kernelspec": {
   "display_name": "Python 3.9.1 64-bit",
   "language": "python",
   "name": "python3"
  },
  "language_info": {
   "codemirror_mode": {
    "name": "ipython",
    "version": 3
   },
   "file_extension": ".py",
   "mimetype": "text/x-python",
   "name": "python",
   "nbconvert_exporter": "python",
   "pygments_lexer": "ipython3",
   "version": "3.9.1"
  },
  "vscode": {
   "interpreter": {
    "hash": "aee8b7b246df8f9039afb4144a1f6fd8d2ca17a180786b69acc140d282b71a49"
   }
  }
 },
 "nbformat": 4,
 "nbformat_minor": 5
}
